epoch:0 0.0128  0.0433  0.0036  0.0000  0.0012  0.0176  0.0221  0.0394  0.0397  0.0000  0.0019  0.0546  0.9076  0.005000
epoch:1 0.0564  0.1747  0.0171  0.0000  0.0110  0.0780  0.0930  0.1534  0.1552  0.0003  0.0357  0.2074  0.6611  0.005000
epoch:2 0.0819  0.2440  0.0284  0.0015  0.0254  0.1140  0.1507  0.2685  0.2763  0.0135  0.0950  0.3565  0.6022  0.005000
epoch:3 0.0970  0.2768  0.0383  0.0055  0.0318  0.1341  0.1580  0.2535  0.2598  0.0138  0.1094  0.3262  0.5789  0.005000
epoch:4 0.1206  0.3300  0.0526  0.0001  0.0377  0.1591  0.1872  0.2784  0.2839  0.0028  0.1068  0.3607  0.5585  0.005000
epoch:5 0.1874  0.4531  0.1099  0.0056  0.0894  0.2352  0.2416  0.3516  0.3612  0.0376  0.2090  0.4339  0.4989  0.005000
epoch:6 0.2368  0.5310  0.1643  0.0136  0.1214  0.2913  0.2771  0.3870  0.3951  0.0645  0.2394  0.4685  0.4550  0.005000
epoch:7 0.2540  0.5608  0.1845  0.0240  0.1444  0.3047  0.2864  0.3909  0.3973  0.0880  0.2544  0.4603  0.4245  0.005000
epoch:8 0.2942  0.6058  0.2458  0.0380  0.1755  0.3489  0.3140  0.4294  0.4373  0.1045  0.2972  0.5032  0.3927  0.001650
epoch:9 0.2997  0.6105  0.2577  0.0444  0.1752  0.3585  0.3205  0.4378  0.4457  0.1125  0.3030  0.5126  0.3818  0.001650
epoch:10 0.3045  0.6175  0.2610  0.0415  0.1824  0.3628  0.3202  0.4418  0.4503  0.1245  0.3152  0.5170  0.3746  0.001650
epoch:11 0.3113  0.6273  0.2705  0.0442  0.1914  0.3697  0.3248  0.4462  0.4542  0.1192  0.3144  0.5218  0.3608  0.000545
epoch:12 0.3155  0.6306  0.2779  0.0456  0.1919  0.3740  0.3267  0.4499  0.4582  0.1278  0.3175  0.5243  0.3593  0.000545
epoch:13 0.3188  0.6323  0.2871  0.0530  0.1900  0.3796  0.3312  0.4515  0.4584  0.1236  0.3107  0.5273  0.3553  0.000545
epoch:14 0.3194  0.6319  0.2865  0.0498  0.1929  0.3805  0.3315  0.4528  0.4600  0.1235  0.3137  0.5298  0.3511  0.000180
epoch:15 0.3212  0.6369  0.2883  0.0527  0.1962  0.3815  0.3313  0.4542  0.4613  0.1224  0.3201  0.5291  0.3510  0.000180
epoch:16 0.3230  0.6383  0.2960  0.0460  0.1959  0.3834  0.3348  0.4548  0.4624  0.1232  0.3171  0.5304  0.3501  0.000180
epoch:17 0.3216  0.6393  0.2876  0.0446  0.1942  0.3822  0.3327  0.4536  0.4616  0.1213  0.3196  0.5290  0.3474  0.000059
epoch:18 0.3226  0.6373  0.2918  0.0442  0.1976  0.3831  0.3327  0.4556  0.4634  0.1231  0.3202  0.5312  0.3477  0.000059
epoch:19 0.3229  0.6352  0.2945  0.0434  0.1965  0.3835  0.3338  0.4557  0.4632  0.1222  0.3224  0.5307  0.3476  0.000059
epoch:20 0.3204  0.6361  0.2866  0.0444  0.1955  0.3798  0.3324  0.4533  0.4610  0.1200  0.3209  0.5277  0.3455  0.000020
epoch:21 0.3221  0.6365  0.2933  0.0438  0.1977  0.3823  0.3311  0.4550  0.4629  0.1235  0.3226  0.5294  0.3470  0.000020
epoch:22 0.3219  0.6383  0.2900  0.0455  0.1950  0.3821  0.3313  0.4544  0.4622  0.1228  0.3212  0.5294  0.3459  0.000020
epoch:23 0.3225  0.6369  0.2936  0.0466  0.1958  0.3832  0.3333  0.4547  0.4621  0.1211  0.3212  0.5290  0.3470  0.000006
epoch:24 0.3227  0.6354  0.2973  0.0436  0.1980  0.3831  0.3346  0.4550  0.4630  0.1218  0.3188  0.5310  0.3463  0.000006
